-0.9472206 0.02757855 0.0254924 0.0369499 0.051352 0.0454299 0.0791425 0.070836 0.0158477 0.00966675 0.01989575 0.04531325 0.0446748 0.0105247 0.0719275 0.1685395 0.1060555 0.00565665 0.01203675 0.1003005
0.02757855 -0.95681105 0.0317673 0.0073652 0.02640955 0.151775 0.02195785 0.02923325 0.1068575 0.00934895 0.02488355 0.267571 0.0341581 0.00513555 0.03397445 0.0612095 0.02772065 0.058196 0.01907665 0.01259245
0.0254924 0.0317673 -1.29791244 0.271471 0.0132628 0.077182 0.0473599 0.056278 0.1978145 0.0277118 0.0065764 0.1506005 0.00991105 0.004808105 0.00975405 0.1987115 0.101503 0.003595835 0.0543 0.0098123
0.0369499 0.0073652 0.271471 -0.9083112 0.001514745 0.03083915 0.308708 0.0432792 0.0465338 0.00197185 0.004240235 0.02399275 0.0051877 0.00233652 0.0211992 0.053588 0.0187433 0.00648835 0.01628555 0.00761675
0.051352 0.02640955 0.0132628 0.001514745 -0.411832335 0.004940895 0.0010676 0.0153337 0.0124486 0.00850675 0.01921435 0.003701695 0.0195241 0.019901 0.0054702 0.070383 0.0256492 0.0358535 0.02719165 0.050107
0.0454299 0.151775 0.077182 0.03083915 0.004940895 -1.319267785 0.2734735 0.0165026 0.2147055 0.00569585 0.04347445 0.194745 0.077263 0.00499604 0.0466686 0.0514435 0.0428964 0.01078685 0.0113855 0.01506405
0.0791425 0.02195785 0.0473599 0.308708 0.0010676 0.2734735 -1.109296245 0.02838585 0.02850125 0.00636975 0.00771315 0.1292215 0.0157562 0.004056695 0.03411775 0.03524695 0.04113825 0.00782785 0.00981515 0.02943655
0.070836 0.02923325 0.056278 0.0432792 0.0153337 0.0165026 0.02838585 -0.42873909 0.0124705 0.001522505 0.003065185 0.0186779 0.008705 0.00249655 0.0121785 0.067091 0.01129165 0.01684915 0.0051802 0.00936235
0.0158477 0.1068575 0.1978145 0.0465338 0.0124486 0.2147055 0.02850125 0.0124705 -1.0739612 0.0069095 0.0249731 0.0445216 0.02020705 0.03396855 0.0348099 0.03700845 0.02366535 0.01312845 0.193672 0.0059179
0.00966675 0.00934895 0.0277118 0.00197185 0.00850675 0.00569585 0.00636975 0.001522505 0.0069095 -1.034864395 0.1585485 0.0161916 0.212873 0.0529735 0.00499644 0.015972 0.072908 0.01062415 0.0210085 0.391065
0.01989575 0.02488355 0.0065764 0.004240235 0.01921435 0.04347445 0.00771315 0.003065185 0.0249731 0.1585485 -0.87149552 0.01287775 0.242701 0.1057585 0.0207922 0.01723695 0.0163311 0.03326545 0.0199309 0.090017
0.04531325 0.267571 0.1506005 0.02399275 0.003701695 0.194745 0.1292215 0.0186779 0.0445216 0.0161916 0.01287775 -1.132930595 0.0467138 0.0044418 0.0278448 0.0483565 0.069349 0.00687525 0.0066632 0.0152717
0.0446748 0.0341581 0.00991105 0.0051877 0.0195241 0.077263 0.0157562 0.008705 0.02020705 0.212873 0.242701 0.0467138 -1.05640365 0.0595315 0.00856645 0.02469525 0.075806 0.0257853 0.02142185 0.1029225
0.0105247 0.00513555 0.004808105 0.00233652 0.019901 0.00499604 0.004056695 0.00249655 0.03396855 0.0529735 0.1057585 0.0044418 0.0595315 -0.78658351 0.0080722 0.02729655 0.00859515 0.076482 0.322714 0.0324946
0.0719275 0.03397445 0.00975405 0.0211992 0.0054702 0.0466686 0.03411775 0.0121785 0.0348099 0.00499644 0.0207922 0.0278448 0.00856645 0.0080722 -0.49432234 0.080664 0.0397692 0.00697025 0.0108023 0.01574435
0.1685395 0.0612095 0.1987115 0.053588 0.070383 0.0514435 0.03524695 0.067091 0.03700845 0.015972 0.01723695 0.0483565 0.02469525 0.02729655 0.080664 -1.25351735 0.218901 0.0261871 0.03934965 0.01163695
0.1060555 0.02772065 0.101503 0.0187433 0.0256492 0.0428964 0.04113825 0.01129165 0.02366535 0.072908 0.0163311 0.069349 0.075806 0.00859515 0.0397692 0.218901 -0.98983485 0.0055432 0.0145574 0.0694115
0.00565665 0.058196 0.003595835 0.00648835 0.0358535 0.01078685 0.00782785 0.01684915 0.01312845 0.01062415 0.03326545 0.00687525 0.0257853 0.076482 0.00697025 0.0261871 0.0055432 -0.492653285 0.1242695 0.01826845
0.01203675 0.01907665 0.0543 0.01628555 0.02719165 0.0113855 0.00981515 0.0051802 0.193672 0.0210085 0.0199309 0.0066632 0.02142185 0.322714 0.0108023 0.03934965 0.0145574 0.1242695 -0.94539725 0.0157365
0.1003005 0.01259245 0.0098123 0.00761675 0.050107 0.01506405 0.02943655 0.00936235 0.0059179 0.391065 0.090017 0.0152717 0.1029225 0.0324946 0.01574435 0.01163695 0.0694115 0.01826845 0.0157365 -1.0027784
