-1.303926380000000051e+00 4.948860000000000064e-02 4.395749999999999658e-02 7.310700000000000531e-02 1.038580000000000059e-02 1.651889999999999956e-02 2.189180000000000015e-01 5.640230000000000243e-02 1.478070000000000078e-02 1.502760000000000033e-02 8.622040000000000259e-02 9.820189999999999475e-02 1.074660000000000025e-02 6.767780000000000150e-03 6.904639999999999389e-02 2.373220000000000052e-01 1.608809999999999962e-01 1.632329999999999892e-02 3.436840000000000034e-02 8.546220000000000205e-02
7.627079999999999971e-02 -6.901466849999999820e-01 0.000000000000000000e+00 3.729369999999999907e-02 7.823570000000000177e-04 3.177760000000000307e-02 7.351489999999999587e-03 2.734759999999999969e-02 3.835840000000000083e-02 3.062430000000000013e-02 1.855980000000000130e-02 2.779289999999999816e-01 7.805810000000000266e-04 8.133679999999999686e-04 8.526789999999999587e-04 8.568159999999999665e-02 1.013320000000000019e-02 1.244520000000000001e-02 3.042800000000000019e-02 2.717010000000000172e-03
3.993390000000000134e-02 0.000000000000000000e+00 -1.718062250000000013e+00 5.417079999999999673e-01 1.248860000000000074e-03 2.737929999999999878e-02 1.511509999999999937e-02 1.522660000000000124e-01 8.552759999999999529e-02 1.851660000000000111e-02 2.282280000000000073e-02 2.421570000000000111e-01 0.000000000000000000e+00 7.988260000000000499e-03 5.260730000000000267e-02 3.196880000000000277e-01 1.481490000000000029e-01 2.207639999999999863e-03 3.665630000000000277e-02 4.090589999999999851e-03
5.854929999999999857e-02 1.937960000000000030e-02 4.775499999999999745e-01 -1.447017650000000044e+00 1.439849999999999984e-02 9.241610000000000796e-03 6.215629999999999766e-01 5.030729999999999924e-02 3.022620000000000168e-03 2.413090000000000113e-03 7.016429999999999716e-03 4.392200000000000271e-02 4.699359999999999649e-03 1.848830000000000091e-03 1.941779999999999895e-02 4.164099999999999746e-02 6.219319999999999710e-02 0.000000000000000000e+00 0.000000000000000000e+00 9.854009999999999853e-03
6.711440000000000461e-02 3.280390000000000215e-03 8.883419999999999511e-03 1.161790000000000045e-01 -4.835372535749999368e-01 0.000000000000000000e+00 0.000000000000000000e+00 5.348569999999999713e-02 4.369010000000000103e-04 1.470499999999999863e-01 7.390180000000000283e-06 0.000000000000000000e+00 2.340919999999999942e-05 0.000000000000000000e+00 5.127380000000000132e-02 1.612229999999999913e-02 1.589789999999999953e-02 9.461950000000000100e-07 8.605700000000000632e-05 3.695640000000000036e-03
2.819069999999999909e-02 3.518790000000000112e-02 5.143260000000000193e-02 1.969289999999999929e-02 0.000000000000000000e+00 -1.063399530000000093e+00 2.651020000000000043e-01 1.567779999999999868e-02 5.620429999999999870e-02 6.693200000000000495e-04 5.778769999999999740e-02 3.003819999999999824e-01 5.835989999999999928e-02 0.000000000000000000e+00 5.903010000000000201e-03 1.007239999999999941e-01 4.949300000000000227e-02 0.000000000000000000e+00 0.000000000000000000e+00 1.859239999999999851e-02
2.011660000000000115e-01 4.383240000000000053e-03 1.528889999999999937e-02 7.131739999999999746e-01 0.000000000000000000e+00 1.427450000000000108e-01 -1.521684060000000116e+00 2.577710000000000071e-02 1.758020000000000069e-02 1.048969999999999937e-02 3.356130000000000224e-02 1.281730000000000091e-01 1.198590000000000029e-03 0.000000000000000000e+00 4.599339999999999679e-02 8.127900000000000402e-02 2.935870000000000146e-02 1.631230000000000006e-03 4.913030000000000175e-02 2.075439999999999924e-02
4.865499999999999686e-02 1.530729999999999938e-02 1.445859999999999923e-01 5.418760000000000243e-02 7.139949999999999943e-03 7.924830000000000763e-03 2.419870000000000007e-02 -5.073133680000000423e-01 3.879189999999999722e-02 7.962709999999999580e-03 2.644269999999999954e-02 3.066989999999999994e-02 1.303569999999999989e-04 8.083909999999999924e-04 1.021520000000000067e-02 7.246080000000000576e-02 1.188029999999999989e-02 0.000000000000000000e+00 4.445479999999999918e-03 1.506249999999999993e-03
3.799829999999999874e-02 6.398489999999999733e-02 2.420289999999999941e-01 9.702660000000000104e-03 1.738119999999999954e-04 8.466690000000000327e-02 4.918369999999999687e-02 1.156060000000000004e-01 -9.361491499999999855e-01 5.623060000000000037e-03 2.272619999999999849e-02 3.899419999999999970e-02 9.118480000000000422e-04 1.131629999999999962e-02 5.112069999999999809e-03 2.641430000000000167e-02 4.677409999999999901e-02 1.172809999999999998e-02 1.339329999999999965e-01 2.927070000000000019e-02
1.442230000000000074e-02 1.907029999999999836e-02 1.956110000000000140e-02 2.891710000000000027e-03 2.183910000000000018e-02 3.764010000000000034e-04 1.095549999999999996e-02 8.858760000000000245e-03 2.099160000000000088e-03 -8.759603940000001421e-01 1.763399999999999967e-01 5.085259999999999780e-02 5.259969999999999923e-02 4.057659999999999739e-02 7.878829999999999644e-04 5.486679999999999856e-03 5.370180000000000092e-02 2.884700000000000025e-03 3.983099999999999835e-03 3.886729999999999907e-01
5.542129999999999973e-02 7.740809999999999878e-03 1.614830000000000085e-02 5.631449999999999650e-03 7.351020000000000136e-07 2.176590000000000122e-02 2.347640000000000143e-02 1.970339999999999939e-02 5.682300000000000371e-03 1.181070000000000036e-01 -6.856879951019999586e-01 6.118740000000000290e-02 7.262390000000000512e-02 6.055569999999999703e-02 1.410709999999999915e-02 2.197340000000000057e-02 2.278470000000000148e-02 2.808619999999999867e-02 3.700660000000000061e-02 9.368540000000000201e-02
7.224389999999999978e-02 1.326670000000000071e-01 1.960959999999999925e-01 4.034599999999999992e-02 0.000000000000000000e+00 1.294879999999999920e-01 1.026139999999999969e-01 2.615539999999999879e-02 1.115870000000000056e-02 3.898080000000000295e-02 7.002869999999999928e-02 -1.064166100000000004e+00 1.234239999999999990e-02 8.442289999999999864e-03 2.911009999999999986e-02 8.524529999999999608e-02 9.475060000000000426e-02 0.000000000000000000e+00 3.809209999999999940e-03 1.068769999999999963e-02
4.397840000000000082e-02 2.072679999999999922e-03 0.000000000000000000e+00 2.401290000000000022e-02 1.482450000000000011e-05 1.399450000000000138e-01 5.337820000000000065e-03 6.184019999999999925e-04 1.451510000000000040e-03 2.242899999999999894e-01 4.623610000000000220e-01 6.865730000000000444e-02 -1.342321542900000164e+00 1.235430000000000000e-01 2.477800000000000163e-04 4.268430000000000141e-03 1.191679999999999962e-01 4.874639999999999800e-05 1.187499999999999998e-04 1.221870000000000039e-01
9.690380000000000174e-03 7.556639999999999668e-04 1.259039999999999986e-02 3.305440000000000201e-03 0.000000000000000000e+00 0.000000000000000000e+00 0.000000000000000000e+00 1.341790000000000040e-03 6.302750000000000193e-03 6.053789999999999866e-02 1.348910000000000109e-01 1.643139999999999878e-02 4.322610000000000341e-02 -6.364983439999999382e-01 5.067089999999999789e-03 4.673750000000000127e-02 4.319929999999999604e-03 3.828030000000000321e-02 2.390400000000000025e-01 1.398070000000000042e-02
1.126339999999999980e-01 9.025250000000000503e-04 9.446350000000000580e-02 3.955159999999999926e-02 1.294340000000000074e-02 5.642549999999999649e-03 8.164870000000000461e-02 1.931719999999999965e-02 3.243799999999999809e-03 1.339200000000000026e-03 3.580130000000000118e-02 6.454909999999999815e-02 9.877009999999999815e-05 5.772860000000000318e-03 -6.290585050999999428e-01 6.835670000000000635e-02 2.025400000000000117e-02 2.343119999999999925e-02 0.000000000000000000e+00 3.910809999999999981e-02
2.413289999999999880e-01 5.653339999999999754e-02 3.578390000000000182e-01 5.287239999999999995e-02 2.537020000000000074e-03 6.001730000000000259e-02 8.994480000000000530e-02 8.541669999999999818e-02 1.044819999999999950e-02 5.813500000000000091e-03 3.476169999999999954e-02 1.178310000000000052e-01 1.060650000000000004e-03 3.319260000000000266e-02 4.261129999999999779e-02 -1.737053970000000502e+00 4.831630000000000091e-01 2.314060000000000075e-02 1.918440000000000076e-02 1.935740000000000030e-02
1.463500000000000079e-01 5.981110000000000419e-03 1.483470000000000066e-01 7.064289999999999459e-02 2.237970000000000150e-03 2.638189999999999980e-02 2.906380000000000075e-02 1.252799999999999921e-02 1.655099999999999974e-02 5.090189999999999992e-02 3.224520000000000164e-02 1.171630000000000033e-01 2.648980000000000085e-02 2.744540000000000174e-03 1.129460000000000013e-02 4.322259999999999991e-01 -1.239423320000000217e+00 0.000000000000000000e+00 1.424010000000000033e-02 9.403449999999999309e-02
7.790239999999999665e-02 3.853820000000000162e-02 1.159750000000000017e-02 0.000000000000000000e+00 6.987949999999999519e-07 0.000000000000000000e+00 8.471990000000000423e-03 0.000000000000000000e+00 2.177209999999999909e-02 1.434500000000000011e-02 2.085299999999999931e-01 0.000000000000000000e+00 5.684820000000000232e-05 1.275920000000000110e-01 6.855039999999999745e-02 1.086040000000000061e-01 0.000000000000000000e+00 -1.005498136995000014e+00 3.195370000000000155e-01 0.000000000000000000e+00
3.955179999999999807e-02 2.272100000000000161e-02 4.643499999999999711e-02 0.000000000000000000e+00 1.532560000000000113e-05 0.000000000000000000e+00 6.152930000000000205e-02 5.930529999999999829e-03 5.995500000000000135e-02 4.776230000000000232e-03 6.625490000000000546e-02 5.958830000000000029e-03 3.339419999999999954e-05 1.921239999999999892e-01 0.000000000000000000e+00 2.171119999999999994e-02 1.801490000000000036e-02 7.705209999999999837e-02 -6.562454098000000124e-01 3.418190000000000117e-02
9.215280000000000693e-02 1.900959999999999933e-03 4.855250000000000191e-03 1.326740000000000037e-02 6.166659999999999807e-04 1.174749999999999926e-02 2.435410000000000005e-02 1.882790000000000071e-03 1.227720000000000027e-02 4.366929999999999978e-01 1.571589999999999931e-01 1.566530000000000006e-02 3.219509999999999733e-02 1.052849999999999966e-02 2.585080000000000017e-02 2.052640000000000020e-02 1.114639999999999936e-01 0.000000000000000000e+00 3.202760000000000329e-02 -1.005164365999999809e+00
