-1.221400922957287083e+00 4.635646815878056298e-02 4.117543129305731298e-02 6.848006041156894097e-02 9.728483064856616180e-03 1.547341937068496924e-02 2.050626870912477251e-01 5.283260031667876694e-02 1.384522999063396084e-02 1.407650369787972859e-02 8.076351376351974254e-02 9.198670502866826415e-02 1.006644804490632560e-02 6.339447429824887278e-03 6.467645564995626317e-02 2.223018985458897756e-01 1.506988468829745520e-01 1.529019888815247655e-02 3.219322511180824908e-02 8.005330021619799785e-02
7.144362361523098892e-02 -6.464673243553152870e-01 0.000000000000000000e+00 3.493338297250507540e-02 7.328416515985314511e-04 2.976639675728279255e-02 6.886214443419164978e-03 2.561677130933320487e-02 3.593069814506306969e-02 2.868608907576580130e-02 1.738515087784531232e-02 2.603388828720497594e-01 7.311780545792180694e-04 7.618899664442118453e-04 7.987129745670891717e-04 8.025881439752532986e-02 9.491870110420484730e-03 1.165754370763480430e-02 2.850221289620993165e-02 2.545050527840520514e-03
3.740648480268035647e-02 0.000000000000000000e+00 -1.609326147575964594e+00 5.074233187715291304e-01 1.169819692308424457e-03 2.564646501739189371e-02 1.415846582580198264e-02 1.426290899452577199e-01 8.011456105238216885e-02 1.734468500440255329e-02 2.137834575021756514e-02 2.268308915573652162e-01 0.000000000000000000e+00 7.482683291385499452e-03 4.927778573993640138e-02 2.994549571566833546e-01 1.387726547377614583e-01 2.067918538128989472e-03 3.433632399721769923e-02 3.831696695514242874e-03
5.484371675838254495e-02 1.815306576322433391e-02 4.473258764488317607e-01 -1.355435951257834670e+00 1.348721941586955055e-02 8.656708811743877782e-03 5.822242984884623551e-01 4.712335266312284165e-02 2.831318481147037779e-03 2.260365614490444063e-03 6.572360379629100038e-03 4.114217808687171962e-02 4.401937662545454995e-03 1.731817611045741211e-03 1.818884808650010620e-02 3.900554250069270673e-02 5.825699444907859320e-02 0.000000000000000000e+00 0.000000000000000000e+00 9.230350036196320260e-03
6.286673186543288716e-02 3.072774226455833591e-03 8.321188644881334293e-03 1.088260349700530399e-01 -4.529341969450274563e-01 0.000000000000000000e+00 0.000000000000000000e+00 5.010059183327249255e-02 4.092495503012691101e-04 1.377432104110579147e-01 6.922455754611303267e-06 0.000000000000000000e+00 2.192763251380167901e-05 0.000000000000000000e+00 4.802868291040123666e-02 1.510192017143963984e-02 1.489172243994530895e-02 8.863103500502615049e-07 8.061045534406265577e-05 3.461743067824020036e-03
2.640651153849038132e-02 3.296085898417725618e-02 4.817743246370471272e-02 1.844653701668767451e-02 0.000000000000000000e+00 -9.960970092608644189e-01 2.483237032736639038e-01 1.468555256159458609e-02 5.264713173006611846e-02 6.269587595534124045e-04 5.413031839694724262e-02 2.813708332519170296e-01 5.466630387805711949e-02 0.000000000000000000e+00 5.529408694243992568e-03 9.434918140389933483e-02 4.636058968292750687e-02 0.000000000000000000e+00 0.000000000000000000e+00 1.741568762493405850e-02
1.884342105783806953e-01 4.105824886787933121e-03 1.432126602960641544e-02 6.680372413580131230e-01 0.000000000000000000e+00 1.337106737172830129e-01 -1.425376726662583637e+00 2.414566820188290483e-02 1.646754972912941456e-02 9.825807237326584370e-03 3.143720644385337298e-02 1.200609351106190353e-01 1.122731278929547287e-03 0.000000000000000000e+00 4.308247925005066759e-02 7.613485480449083687e-02 2.750058885749831136e-02 1.527989507778510858e-03 4.602084495381434520e-02 1.944085471713880020e-02
4.557562667494065300e-02 1.433850149422092463e-02 1.354351568887672275e-01 5.075806860571399626e-02 6.688062802954321782e-03 7.423267773967115110e-03 2.266716508516876741e-02 -4.752055218821248928e-01 3.633676194454075331e-02 7.458750350032199508e-03 2.476914240011207982e-02 2.872880305328871439e-02 1.221067098235584919e-04 7.572279606079940478e-04 9.568680333159055446e-03 6.787475838798767702e-02 1.112839620976872890e-02 0.000000000000000000e+00 4.164125719266574543e-03 1.410919487804529037e-03
3.559338886203673724e-02 5.993529781591635380e-02 2.267109926730903613e-01 9.088578972641654652e-03 1.628114443248337181e-04 7.930833472663720296e-02 4.607086526959774941e-02 1.082893001209164346e-01 -8.769003015612581997e-01 5.267176720394446503e-03 2.128785956099139495e-02 3.652625838429700983e-02 8.541371705331680291e-04 1.060009175093270910e-02 4.788527260428812084e-03 2.474253983516360236e-02 4.381376877312386647e-02 1.098582894268567388e-02 1.254563849029868838e-01 2.741815837455935725e-02
1.350951311466440548e-02 1.786334134989457992e-02 1.832307863428592545e-02 2.708693770675010652e-03 2.045690409036474144e-02 3.525785932807386485e-04 1.026212677088299968e-02 8.298089375457760181e-03 1.966304233706061763e-03 -8.205208899183625837e-01 1.651794472892618437e-01 4.763414064433433431e-02 4.927066674368257848e-02 3.800850834114473387e-02 7.380179112430843447e-04 5.139428206039737060e-03 5.030301487148963052e-02 2.702127433340896501e-03 3.731009734024378147e-03 3.640738988105890472e-01
5.191368777391611178e-02 7.250894393621361983e-03 1.512627463230796845e-02 5.275035717574648973e-03 6.885774189703468557e-07 2.038833691592006545e-02 2.199057942804597335e-02 1.845637247203834458e-02 5.322667422772897096e-03 1.106320119144428293e-01 -6.422908247920519065e-01 5.731485149748769686e-02 6.802753579443475418e-02 5.672313176939068613e-02 1.321426211213760742e-02 2.058270424784998387e-02 2.134265709794513216e-02 2.630862534000037375e-02 3.466445352191673684e-02 8.775605416282983295e-02
6.767158598174381756e-02 1.242705100007060331e-01 1.836850907090568918e-01 3.779250300744334268e-02 0.000000000000000000e+00 1.212927088045363255e-01 9.611956336702004444e-02 2.450002560751706263e-02 1.045246624966931007e-02 3.651370646984948565e-02 6.559658591576233988e-02 -9.968150630711656301e-01 1.156124991620157381e-02 7.907977747848828065e-03 2.726772274319576653e-02 7.985012780995413839e-02 8.875383769040452731e-02 0.000000000000000000e+00 3.568125226316939697e-03 1.001127582393922938e-02
4.119500853275532420e-02 1.941500152021703686e-03 0.000000000000000000e+00 2.249312436096356782e-02 1.388625789009675812e-05 1.310878856237708556e-01 4.999989550468229849e-03 5.792633580728938185e-04 1.359643980576366422e-03 2.100946933906574776e-01 4.330981877515617806e-01 6.431198177596142429e-02 -1.257366057279637239e+00 1.157239676559899955e-01 2.320980120751576592e-04 3.998281207853600881e-03 1.116258612598772515e-01 4.566124197199315787e-05 1.112343164659172323e-04 1.144537888507033974e-01
9.077076173431536388e-03 7.078380506770600095e-04 1.179355400448407754e-02 3.096238812792433473e-03 0.000000000000000000e+00 0.000000000000000000e+00 0.000000000000000000e+00 1.256868155712025916e-03 5.903849162994188535e-03 5.670645833079621806e-02 1.263537531149813986e-01 1.539145724276271346e-02 4.049032157463060971e-02 -5.962143850655009514e-01 4.746394043126606586e-03 4.377948518590153021e-02 4.046521774573556308e-03 3.585754109145475321e-02 2.239111663832661359e-01 1.309586196391620237e-02
1.055053979016599697e-01 8.454042228918059359e-04 8.848490823981619569e-02 3.704838055691260512e-02 1.212421264627328889e-02 5.285433198945357555e-03 7.648115650383778552e-02 1.809461505714034593e-02 3.038500006333829696e-03 1.254442076725527117e-03 3.353543691866309878e-02 6.046378961675905744e-02 9.251894366964455332e-05 5.407495883397347471e-03 -5.892454133210122125e-01 6.403040673992223264e-02 1.897212501642684540e-02 2.194824013453641753e-02 0.000000000000000000e+00 3.663294965710094803e-02
2.260552956497123289e-01 5.295540300205713730e-02 3.351913816408198521e-01 4.952610756978999967e-02 2.376452088929358487e-03 5.621880708740963767e-02 8.425219661190427867e-02 8.001067990967841714e-02 9.786933770940600685e-03 5.445563779154609374e-03 3.256163316794336710e-02 1.103734799452252141e-01 9.935214969227377981e-04 3.109184145453982792e-02 3.991443224609800972e-02 -1.627115882251435330e+00 4.525836298662902490e-01 2.167603219883119589e-02 1.797021996470520022e-02 1.813227080048291501e-02
1.370875133876798824e-01 5.602565747852313385e-03 1.389581233243740999e-01 6.617191321827489703e-02 2.096328953441926705e-03 2.471219043008153135e-02 2.722435306864947474e-02 1.173510329840009303e-02 1.550348776275701883e-02 4.768032044898081606e-02 3.020440236889932253e-02 1.097477576429158747e-01 2.481326144268508962e-02 2.570838155059945122e-03 1.057976514320799026e-02 4.048704308951371900e-01 -1.160980259470465903e+00 0.000000000000000000e+00 1.333884454657943523e-02 8.808305963548877793e-02
7.297195970572185886e-02 3.609911860906788589e-02 1.086349461232400011e-02 0.000000000000000000e+00 6.545682877877947427e-07 0.000000000000000000e+00 7.935798035840725337e-03 0.000000000000000000e+00 2.039414451812712747e-02 1.343710542908280181e-02 1.953321432643176370e-01 0.000000000000000000e+00 5.325027932057057944e-05 1.195167065812152568e-01 6.421184747339125920e-02 1.017304564670692690e-01 0.000000000000000000e+00 -9.418601934854065050e-01 2.993135139416404078e-01 0.000000000000000000e+00
3.704856789891928376e-02 2.128298866881772958e-02 4.349613040079887416e-02 0.000000000000000000e+00 1.435564328783209493e-05 0.000000000000000000e+00 5.763511265790619703e-02 5.555186954363082637e-03 5.616045005232898901e-02 4.473942562812698205e-03 6.206162959172800003e-02 5.581695848308223379e-03 3.128068219727269707e-05 1.799644784564032041e-01 0.000000000000000000e+00 2.033709887709323968e-02 1.687473758064717694e-02 7.217547516432422372e-02 -6.147116597305156693e-01 3.201852869057967427e-02
8.632045236564528379e-02 1.780648305086737033e-03 4.547961389651744568e-03 1.242770669709398167e-02 5.776372294549163159e-04 1.100400111733357972e-02 2.281272982435869276e-02 1.763628283779909885e-03 1.150017642202407625e-02 4.090547146143224677e-01 1.472124121386702011e-01 1.467384368617712098e-02 3.015747319622611930e-02 9.862151586622396049e-03 2.421470373134427742e-02 1.922728482952423823e-02 1.044094471625852394e-01 0.000000000000000000e+00 3.000057426563209131e-02 -9.415475468455328789e-01
